22.46470003
14.20614426
1.796962374
2.068966756
1.423146044
1.879485081
1.968673051
1.236948891
1.199033367
1.233221868
1.159473883
1.152209686
1.123348299
1.314732531
1.140121861
1.341914429
1.115732564
1.066188663
1.384632105
1.047670231
1.167872912
1.315059236
1.340206121
1.105656075
1.308991926
1.385624387
1.30347885
1.309878043
1.210089373
1.330197024
1.11218756
1.333310899
1.190969846
1.135117045
0.888
0.914
0.86
0.897
0.861
1.016
0.943
0.916
0.805
0.925
1.025
0.872
0.922
0.998
0.937
0.921
0.999
0.811
0.909
0.942
0.893
0.818
0.915
0.94
1.031
1.029
0.87
0.804
0.861
1.034
0.877
0.853
0.936
0.948
0.933
0.931
0.931
0.933
0.988
0.937
0.891
0.938
0.837
0.959
0.871
0.995
1.031
0.953
1.026
0.971
0.873
0.937
0.876
0.844
0.952
0.912
0.904
0.819
0.866
0.903
0.93
0.812
0.863
0.832
0.812
0.878
0.994
0.975
0.561480004
0.695784198
0.78754887
0.548017322
0.533976114
0.61788248
0.721320283
0.543982746
0.752579905
0.794847518
0.595908935
0.723045332
0.793340711
0.554229409
0.795584875
0.792408909
0.717186287
0.769340564
0.514993599
0.730056899
0.655798324
0.513182511
0.473450443
0.480365235
0.749557064
0.521354975
0.645459057
0.684582786
0.701930198
0.693593803
0.647715493
0.474855123
0.481687552
0.756139342
0.736140632
0.574019225
0.78866698
0.644018206
0.79944199
0.666557792
0.503061076
0.558950025
0.639858625
0.455334371
0.467066456
0.788169283
0.630572848
0.478263635
0.701886472
0.479813077
0.799353404
0.713895069
0.633691294
0.698473301
0.704730603
0.746878146
0.617112404
0.566281362
0.593985799
0.728881414
0.676532562
0.695778714
0.571836389
0.607584616
0.790938189
0.511905758
0.795953742
0.68312302
0.570270875
0.46761664
0.574193188
0.646446378
0.696717279
0.704155112
0.584782965
0.545711889
0.6129376
0.731427666
0.511151993
0.499643972
0.620399978
0.623734314
0.571803184
0.707880559
0.724784614
0.470081545
0.50001086
0.549342061
0.571363376
0.65134945
0.677656669
0.602802903
0.575824854
0.650493178
0.6519006
0.763259422
0.787718891
0.509278912
0.660756941
0.596610906
0.567066512
0.765184632
0.634756654
0.454369295
0.560665084
0.536583787
0.665776072
0.596361163
0.702205233
0.261028803
0.194576264
0.139676883
0.268014204
0.091518758
0.189939861
0.299386848
0.273285889
0.268695708
0.201313468
0.187131914
0.163025425
0.399544529
0.223506194
0.414985022
0.342008223
0.259995231
0.246651841
0.405634452
0.128176086
0.387056424
0.088726681
0.336481308
0.306151841
0.280060602
0.386136652
0.310192764
0.401571844
0.312708051
0.201546044
0.225331823
0.163353174
0.181520779
0.307445611
0.301986854
0.419733701
0.338867317
0.394168706
0.179912009
0.349721001
0.202373
0.307417738
0.422191004
0.225335949
0.20924179
0.244013387
0.296167986
0.211736031
0.336132703
0.189165155
0.313455488
0.313821708
0.134186684
0.180464785
0.194358112
0.240576465
0.13148296
0.240571567
0.346002681
0.384799307
0.3075985
0.192429595
0.266123578
0.275270079
0.10239836
0.334238959
0.216759233
0.1451853
0.120177251
0.282105744
0.32038733
0.195322295
0.341695178
0.103933051
0.219538806
0.368652569
0.092025986
0.262241194
0.431828519
0.115586077
0.151439469
0.151949844
0.294357774
0.394554638
0.206218726
0.40718676
0.425993855
0.406630631
0.225777316
0.332597523
0.275087459
0.294038495
0.233949079
0.233952954
0.122169295
0.122905533
0.344193042
0.202080421
0.356238316
0.306832991
0.329536645
0.433465362
0.144717027
0.215505405
0.179868776
0.203301438
0.108381402
0.272146511
0.220063986
0.432182322
0.215810939
0.089722389
0.120080454
0.44849047
0.098492175
0.138963032
0.302222649
0.304921272
0.178311449
0.342115998
0.13916491
0.141419948
0.434525255
0.106741409
0.441153403
0.123558275
0.360769577
0.373695578
0.10144434
0.094408864
0.119262868
0.364765516
0.333204278
0.227190982
0.407339334
0.42689776
0.344128679
0.160802462
0.107986692
0.201370768
0.403134849
0.391670276
0.422400077
0.160968159
0.407854027
0.098078725
0.288104095
0.201680073
0.148810843
0.37636205
0.347848569
0.127710374
0.228209934
0.3114051
0.280069357
0.269050941
0.118473859
0.099183057
0.083966381
0.372033858
0.339240927
0.172118376
0.260417593
0.15066641
0.166982498
0.365641914
0.169229456
0.273525898
0.335135243
0.136158845
0.360679353
0.432859508
0.419861038
0.302548072
0.24804527
0.145508211
0.156435297
0.32750524
0.372800953
0.250633762
0.241053967
0.430541632
0.381246066
0.177214575
0.09681564
0.355448139
0.301611954
0.176251437
0.311210203
0.291801654
0.294996118
0.193642195
0.347453897
0.080329258
0.226066223
0.113911729
0.127620444
0.370398098
0.427696204
0.387467003
0.199737693
0.342098683
0.268926711
0.287624906
0.186415515
0.225785932
0.428693781
0.15439199
0.195902519
0.080391858
0.397500749
0.152081966
0.276208481
0.401940792
0.421662829
0.439425411
0.222580635
0.158451354
0.154919015
0.342511108
0.177080684
0.10542713
0.100145514
0.174666217
0.275788567
0.098935919
0.083804448
0.398897421
0.140003867
0.345256466
0.289559998
0.177847031
0.329602531
0.267344459
0.122617248
0.170781168
0.355704792
0.301812556
0.172472823
0.306414123
0.151140177
0.220239113
0.316622751
0.131416212
0.108889362
0.400924772
0.265424619
0.256313715
0.192958644
0.117075044
0.36660367
0.391499228
0.365876551
0.17878097
0.313429721
0.198440158
0.303127214
0.299060592
0.373035579
0.379492881
0.390664642
0.219643737
0.343751479
0.264083069
0.407789642
0.215840137
0.208221348
0.350272324
0.428390359
0.218575898
0.212501454
0.145208065
0.393501738
0.239088225
0.110754798
0.444603462
0.354078546
0.364582706
0.122359182
0.149291203
0.423125579
0.439140286
0.216457018
0.412692685
0.12333643
0.312699426
0.099001819
0.367825787
0.173541497
0.359017641
0.236751508
0.202095262
0.283910563
0.436857719
0.103614595
0.422176532
0.093805361
0.318953269
0.380289102
0.263707388
0.086649239
0.237397883
0.313210183
0.280630611
0.292240456
0.097598042
0.266555895
0.10690264
0.402376887
0.323749964
0.322533958
0.276215626
0.35014294
0.234506763
0.278978051
0.244922126
0.43316882
0.174585094
0.413224102
0.339530135
0.193790589
0.170552786
0.228174252
0.421160996
0.146618976
0.391454421
0.173869661
0.406685718
0.115244043
0.115831081
0.442225821
0.140689079
0.311459967
0.414650739
0.097968438
0.296410598
0.346136041
0.221909274
0.420884396
0.239619308
0.407564709
0.252723364
0.177621942
0.37441157
0.177481899
0.328964642
0.110508748
0.388215276
0.141255299
0.14370529
0.30278739
0.106003848
0.17074318
0.134524833
0.301250376
0.182948668
0.117634613
0.2309873
0.445673293
0.306366369
0.17598706
0.334972302
0.081209646
0.174274426
0.149574051
0.165717398
0.309633491
0.352656641
0.354587022
0.294184275
0.174003104
0.112538012
0.348367373
0.252561757
0.1565578
0.237380188
0.13161736
0.086356012
0.180049028
0.241145826
0.385537443
0.205785508
0.29682614
0.160622393
0.383779306
0.088812731
0.396706316
0.132564939
0.428429168
0.438913667
0.394216855
0.229059759
0.106377776
0.388129752
0.232047854
0.285167042
0.337195228
0.423689727
0.358696775
0.324911329
0.340604634
0.399284637
0.175888542
0.23666512
0.136955302
0.351805201
0.398965995
0.172783842
0.388637612
0.303057442
0.245859936
0.39209678
0.194615181
0.158460408
0.420103522
0.216140304
0.317446071
0.185425931
0.383262512
0.290849845
0.386704553
0.426682289
0.288565054
0.115735746
0.353215138
0.301832254
0.296409407
0.089718937
0.113661449
0.203208708
0.189754314
0.244062479
0.414517921
0.293117565
0.310767816
0.127512459
0.383346917
0.219713487
0.136606146
0.401260427
0.342812908
0.28435592
0.294431362
0.349823943
0.311496126
0.143988428
0.283194404
0.281179184
0.328076024
0.294380191
0.108770481
0.151375164
0.407727957
0.324286773
0.287523005
0.288054807
0.276626203
0.35226295
0.434996149
0.225534639
0.213660113
0.240066785
0.256106454
0.207886133
0.237540047
0.398363571
0.30816085
0.104585652
0.30878524
0.272921036
0.097669653
0.318374944
0.287974716
0.241859993
0.334236101
0.100563242
0.413670441
0.359611724
0.311752407
0.372764691
0.224416181
0.343902354
0.408220278
0.102997304
0.335228657
0.273423462
0.291262074
0.228147367
0.342820334
0.201906385
0.199166685
0.185045425
0.317486107
0.11434217
0.18230499
0.366037695
0.239214015
0.322346804
0.36743226
0.19380343
0.402890526
0.380990754
0.080296145
0.295824395
0.330658919
0.284331915
0.442803153
0.377601063
0.298723226
0.419153372
0.301689666
0.219622158
0.35767528
0.378908807
0.262013886
0.270011275
0.227806802
0.086427196
0.38217623
0.131775173
0.242233819
0.221904745
0.171464126
0.422324412
0.289015568
0.171890444
0.223163926
0.175708284
0.234781771
0.390211879
0.13288232
0.330118565
0.449268457
0.396573118
0.101301747
0.420477906
0.389512056
0.232273411
0.100580451
0.411998164
0.163740732
0.448012119
0.363839844
0.283791566
0.44863575
0.303307935
0.111638774
0.395829407
0.340642369
0.362186294
0.248078265
0.123826533
0.256554078
0.232363189
0.114080989
0.420866942
0.317504121
0.286140083
0.349004779
0.08209007
0.083289458
0.122579749
0.362550865
0.143752525
0.256824144
0.293721534
0.373425809
0.237987162
0.249178971
0.109328807
0.395996393
0.121820279
0.18763603
0.311504806
0.221799161
0.265352812
0.397197979
0.157760103
0.27576621
0.339398231
0.163656112
0.326789427
0.109111606
0.177113604
0.424223347
0.105431432
0.128943533
0.31018403
0.163333359
0.273760421
0.19762334
0.39301372
0.216398886
0.08144555
0.348005532
0.271080977
0.208919298
0.089670883
0.100091885
0.084111993
0.192187071
0.436950747
0.441737638
0.425938925
0.445074702
0.173427407
0.227746764
0.391090894
0.188125568
0.336811974
0.397178461
0.344567177
0.345708916
0.369427441
0.117302709
0.194864239
0.154595186
0.254847349
0.409977296
0.226139806
0.381463712
0.295548857
0.24330986
0.287535968
0.097028459
0.130634224
0.187969598
0.118829072
0.322185938
0.438880513
0.227766721
0.140436607
0.350177395
0.167802295
0.427792557
0.422512225
0.207917762
0.423825397
0.313759166
0.389563399
0.101538057
0.146886941
0.131452615
0.128857354
0.433217446
0.191979754
0.134080532
0.185690084
0.361311473
0.217108478
0.261856426
0.324754931
0.17597764
0.185079374
0.281399271
0.172912874
0.099332818
0.116105534
0.444663713
0.120633024
0.202824883
0.347579768
0.197474541
0.318325913
0.433811216
0.343747703
0.252534861
0.388920911
0.122440384
0.210829106
0.324941137
0.415271861
0.234015223
0.424767818
0.265134183
0.434672901
0.416264393
0.429464456
0.33578943
0.266788105
0.169351465
0.337753591
0.262461799
0.183675427
0.347767719
0.407485753
0.246684671
0.162705472
